669,4
669,3
669,2
669,1
669,0
668,4
668,3
668,2
668,1
668,0
667,4
667,3
667,2
667,1
667,0
666,4
666,3
666,2
666,1
666,0
665,4
665,3
665,2
665,1
665,0
664,4
664,3
664,2
664,1
664,0
663,4
663,3
663,2
663,1
663,0
662,4
662,3
662,2
662,1
662,0
661,4
661,3
661,2
661,1
661,0
660,3
660,2
660,1
660,0
2,47
659,5
659,4
659,3
659,2
659,1
659,0
2,46
1,49
658,3
658,2
658,1
658,0
1,47
3,53
657,5
657,4
657,3
657,2
657,1
657,0
655,4
655,3
655,2
655,1
655,0
603,6
603,5
603,4
603,3
603,2
603,1
603,0
302,5
302,4
302,3
302,2
302,1
302,0
295,3
295,2
295,1
295,0
294,5
294,4
294,3
294,2
294,1
294,0
254,5
254,4
254,3
254,2
254,1
254,0
224,3
224,2
224,1
224,0
109,4
109,3
109,2
109,1
109,0
107,3
107,2
107,1
107,0
104,6
104,4
104,3
104,2
104,1
104,0
11,3
11,2
11,1
11,0
10,4
10,3
10,2
10,1
10,0
7,3
5,3
4,3
3,2
2,2
1,2
0,9
1,45
3,50
3,44
2,44
1,44
3,52
3,43
2,43
1,43
3,42
2,42
1,42
3,41
2,49
2,41
1,41
3,40
2,40
1,40
3,39
2,39
1,39
3,47
3,38
2,38
1,38
3,48
3,37
2,37
1,37
3,36
2,36
1,36
3,35
2,48
2,35
1,35
3,49
3,34
2,34
1,34
3,33
2,33
1,33
3,32
2,32
1,32
3,31
2,31
1,31
3,30
2,30
1,30
3,29
2,29
1,29
3,28
2,28
1,28
3,27
2,27
1,50
1,27
3,45
3,26
2,26
1,26
3,25
2,25
1,25
3,24
2,24
1,24
3,23
2,23
1,23
3,22
2,22
1,22
3,21
2,21
1,21
3,20
2,20
1,20
3,19
2,19
1,19
3,18
2,18
1,18
3,17
2,17
1,17
3,16
2,16
1,16
3,15
2,15
1,15
3,14
2,14
1,14
3,13
2,13
1,13
3,12
2,12
1,12
3,11
2,11
1,11
3,10
2,10
1,10
3,9
2,9
1,9
3,8
2,8
1,8
3,7
2,7
1,7
3,6
2,6
1,6
3,51
3,5
2,5
1,5
3,4
2,4
1,48
1,4
3,3
3,0
2,3
2,0
1,3
1,0
0,6
0,0
0,47
0,46
0,49
0,48
0,45
0,12
0,10
0,8
0,11
0,5
0,7
0,4
0,3
